
stats.itNumber(1)   = 0.000000000000e+00;
stats.MaxIterations(1)   = 1.000000000000e+01;
stats.cost(1)   = -1.000000000000e+00;
stats.relUpdate(1)   = 0.000000000000e+00;
stats.stopThresholdChange(1)   = 0.000000000000e+00;
stats.weightScaler_value(1)   = 4.426777356759e-03;
stats.voxelsPerSecond(1)   = 0.000000000000e+00;
stats.ticToc_iteration(1)   = 9.059906005859e-06;
stats.weightedNormSquared_e(1)   = 2.163212369283e-03;
stats.relativeWeightedForwardError(1)   = 1.000000000000e+00;
stats.ratioUpdated(1)   = 0.000000000000e+00;
stats.RRMSE(1)   = -1.000000000000e+00;
stats.totalEquits(1)   = 0.000000000000e+00;

stats.itNumber(2)   = 1.000000000000e+00;
stats.MaxIterations(2)   = 1.000000000000e+01;
stats.cost(2)   = -1.000000000000e+00;
stats.relUpdate(2)   = 1.240592133232e-02;
stats.stopThresholdChange(2)   = 0.000000000000e+00;
stats.weightScaler_value(2)   = 4.426777356759e-03;
stats.voxelsPerSecond(2)   = 7.375556407958e+04;
stats.ticToc_iteration(2)   = 1.410456299782e+01;
stats.weightedNormSquared_e(2)   = 3.622486915360e-04;
stats.relativeWeightedForwardError(2)   = 4.092171571082e-01;
stats.ratioUpdated(2)   = 1.000000000000e+00;
stats.RRMSE(2)   = -1.000000000000e+00;
stats.totalEquits(2)   = 1.000000000000e+00;

stats.itNumber(3)   = 2.000000000000e+00;
stats.MaxIterations(3)   = 1.000000000000e+01;
stats.cost(3)   = -1.000000000000e+00;
stats.relUpdate(3)   = 3.206891200548e-02;
stats.stopThresholdChange(3)   = 0.000000000000e+00;
stats.weightScaler_value(3)   = 4.426777356759e-03;
stats.voxelsPerSecond(3)   = 6.861448966876e+04;
stats.ticToc_iteration(3)   = 1.516168093681e+01;
stats.weightedNormSquared_e(3)   = 2.659277808541e-05;
stats.relativeWeightedForwardError(3)   = 1.108746535827e-01;
stats.ratioUpdated(3)   = 1.000000000000e+00;
stats.RRMSE(3)   = -1.000000000000e+00;
stats.totalEquits(3)   = 2.000000000000e+00;

stats.itNumber(4)   = 3.000000000000e+00;
stats.MaxIterations(4)   = 1.000000000000e+01;
stats.cost(4)   = -1.000000000000e+00;
stats.relUpdate(4)   = 2.223473221115e-02;
stats.stopThresholdChange(4)   = 0.000000000000e+00;
stats.weightScaler_value(4)   = 4.426777356759e-03;
stats.voxelsPerSecond(4)   = 6.822336875813e+04;
stats.ticToc_iteration(4)   = 1.524757599831e+01;
stats.weightedNormSquared_e(4)   = 1.281687690255e-05;
stats.relativeWeightedForwardError(4)   = 7.697355199576e-02;
stats.ratioUpdated(4)   = 1.000000000000e+00;
stats.RRMSE(4)   = -1.000000000000e+00;
stats.totalEquits(4)   = 3.000000000000e+00;

stats.itNumber(5)   = 4.000000000000e+00;
stats.MaxIterations(5)   = 1.000000000000e+01;
stats.cost(5)   = -1.000000000000e+00;
stats.relUpdate(5)   = 1.728287275295e-02;
stats.stopThresholdChange(5)   = 0.000000000000e+00;
stats.weightScaler_value(5)   = 4.426777356759e-03;
stats.voxelsPerSecond(5)   = 6.772728981161e+04;
stats.ticToc_iteration(5)   = 1.535933303833e+01;
stats.weightedNormSquared_e(5)   = 1.088776430870e-05;
stats.relativeWeightedForwardError(5)   = 7.094467061709e-02;
stats.ratioUpdated(5)   = 1.000000000000e+00;
stats.RRMSE(5)   = -1.000000000000e+00;
stats.totalEquits(5)   = 4.000000000000e+00;

stats.itNumber(6)   = 5.000000000000e+00;
stats.MaxIterations(6)   = 1.000000000000e+01;
stats.cost(6)   = -1.000000000000e+00;
stats.relUpdate(6)   = 1.170531004664e-02;
stats.stopThresholdChange(6)   = 0.000000000000e+00;
stats.weightScaler_value(6)   = 4.426777356759e-03;
stats.voxelsPerSecond(6)   = 6.586064304681e+04;
stats.ticToc_iteration(6)   = 1.579489588737e+01;
stats.weightedNormSquared_e(6)   = 1.048211072387e-05;
stats.relativeWeightedForwardError(6)   = 6.961050632011e-02;
stats.ratioUpdated(6)   = 1.000000000000e+00;
stats.RRMSE(6)   = -1.000000000000e+00;
stats.totalEquits(6)   = 5.000000000000e+00;

stats.itNumber(7)   = 6.000000000000e+00;
stats.MaxIterations(7)   = 1.000000000000e+01;
stats.cost(7)   = -1.000000000000e+00;
stats.relUpdate(7)   = 5.461384827841e-03;
stats.stopThresholdChange(7)   = 0.000000000000e+00;
stats.weightScaler_value(7)   = 4.426777356759e-03;
stats.voxelsPerSecond(7)   = 6.584932904243e+04;
stats.ticToc_iteration(7)   = 1.579729080200e+01;
stats.weightedNormSquared_e(7)   = 1.039852420540e-05;
stats.relativeWeightedForwardError(7)   = 6.933240651814e-02;
stats.ratioUpdated(7)   = 1.000000000000e+00;
stats.RRMSE(7)   = -1.000000000000e+00;
stats.totalEquits(7)   = 6.000000000000e+00;

stats.itNumber(8)   = 7.000000000000e+00;
stats.MaxIterations(8)   = 1.000000000000e+01;
stats.cost(8)   = -1.000000000000e+00;
stats.relUpdate(8)   = 2.054593055587e-03;
stats.stopThresholdChange(8)   = 0.000000000000e+00;
stats.weightScaler_value(8)   = 4.426777356759e-03;
stats.voxelsPerSecond(8)   = 6.586902399034e+04;
stats.ticToc_iteration(8)   = 1.579170203209e+01;
stats.weightedNormSquared_e(8)   = 1.038979609829e-05;
stats.relativeWeightedForwardError(8)   = 6.930330297930e-02;
stats.ratioUpdated(8)   = 1.000000000000e+00;
stats.RRMSE(8)   = -1.000000000000e+00;
stats.totalEquits(8)   = 7.000000000000e+00;

stats.itNumber(9)   = 8.000000000000e+00;
stats.MaxIterations(9)   = 1.000000000000e+01;
stats.cost(9)   = -1.000000000000e+00;
stats.relUpdate(9)   = 8.767422894513e-04;
stats.stopThresholdChange(9)   = 0.000000000000e+00;
stats.weightScaler_value(9)   = 4.426777356759e-03;
stats.voxelsPerSecond(9)   = 6.768431324217e+04;
stats.ticToc_iteration(9)   = 1.536812615395e+01;
stats.weightedNormSquared_e(9)   = 1.038758876595e-05;
stats.relativeWeightedForwardError(9)   = 6.929594077767e-02;
stats.ratioUpdated(9)   = 1.000000000000e+00;
stats.RRMSE(9)   = -1.000000000000e+00;
stats.totalEquits(9)   = 8.000000000000e+00;

stats.itNumber(10)   = 9.000000000000e+00;
stats.MaxIterations(10)   = 1.000000000000e+01;
stats.cost(10)   = -1.000000000000e+00;
stats.relUpdate(10)   = 4.708924830187e-04;
stats.stopThresholdChange(10)   = 0.000000000000e+00;
stats.weightScaler_value(10)   = 4.426777356759e-03;
stats.voxelsPerSecond(10)   = 6.705510821443e+04;
stats.ticToc_iteration(10)   = 1.551312088966e+01;
stats.weightedNormSquared_e(10)   = 1.038690667910e-05;
stats.relativeWeightedForwardError(10)   = 6.929366562860e-02;
stats.ratioUpdated(10)   = 1.000000000000e+00;
stats.RRMSE(10)   = -1.000000000000e+00;
stats.totalEquits(10)   = 9.000000000000e+00;

stats.itNumber(11)   = 1.000000000000e+01;
stats.MaxIterations(11)   = 1.000000000000e+01;
stats.cost(11)   = -1.000000000000e+00;
stats.relUpdate(11)   = 3.146934749377e-04;
stats.stopThresholdChange(11)   = 0.000000000000e+00;
stats.weightScaler_value(11)   = 4.426777356759e-03;
stats.voxelsPerSecond(11)   = 6.568186424950e+04;
stats.ticToc_iteration(11)   = 1.583599996567e+01;
stats.weightedNormSquared_e(11)   = 1.038654038263e-05;
stats.relativeWeightedForwardError(11)   = 6.929244378991e-02;
stats.ratioUpdated(11)   = 1.000000000000e+00;
stats.RRMSE(11)   = -1.000000000000e+00;
stats.totalEquits(11)   = 1.000000000000e+01;
