
stats.itNumber(1)   = 0.000000000000e+00;
stats.MaxIterations(1)   = 1.000000000000e+01;
stats.cost(1)   = -1.000000000000e+00;
stats.relUpdate(1)   = 0.000000000000e+00;
stats.stopThresholdChange(1)   = 0.000000000000e+00;
stats.weightScaler_value(1)   = 4.426768662229e-03;
stats.voxelsPerSecond(1)   = 0.000000000000e+00;
stats.ticToc_iteration(1)   = 6.914138793945e-06;
stats.weightedNormSquared_e(1)   = 2.163212369283e-03;
stats.relativeWeightedForwardError(1)   = 1.000000000000e+00;
stats.ratioUpdated(1)   = 0.000000000000e+00;
stats.RRMSE(1)   = -1.000000000000e+00;
stats.totalEquits(1)   = 0.000000000000e+00;

stats.itNumber(2)   = 1.000000000000e+00;
stats.MaxIterations(2)   = 1.000000000000e+01;
stats.cost(2)   = -1.000000000000e+00;
stats.relUpdate(2)   = 1.240590839091e-02;
stats.stopThresholdChange(2)   = 0.000000000000e+00;
stats.weightScaler_value(2)   = 4.426768662229e-03;
stats.voxelsPerSecond(2)   = 6.177069328375e+04;
stats.ticToc_iteration(2)   = 1.684115791321e+01;
stats.weightedNormSquared_e(2)   = 3.622490273288e-04;
stats.relativeWeightedForwardError(2)   = 4.092173467737e-01;
stats.ratioUpdated(2)   = 1.000000000000e+00;
stats.RRMSE(2)   = -1.000000000000e+00;
stats.totalEquits(2)   = 1.000000000000e+00;

stats.itNumber(3)   = 2.000000000000e+00;
stats.MaxIterations(3)   = 1.000000000000e+01;
stats.cost(3)   = -1.000000000000e+00;
stats.relUpdate(3)   = 3.206888237441e-02;
stats.stopThresholdChange(3)   = 0.000000000000e+00;
stats.weightScaler_value(3)   = 4.426768662229e-03;
stats.voxelsPerSecond(3)   = 5.878772616843e+04;
stats.ticToc_iteration(3)   = 1.769605779648e+01;
stats.weightedNormSquared_e(3)   = 2.659279290375e-05;
stats.relativeWeightedForwardError(3)   = 1.108746844741e-01;
stats.ratioUpdated(3)   = 1.000000000000e+00;
stats.RRMSE(3)   = -1.000000000000e+00;
stats.totalEquits(3)   = 2.000000000000e+00;

stats.itNumber(4)   = 3.000000000000e+00;
stats.MaxIterations(4)   = 1.000000000000e+01;
stats.cost(4)   = -1.000000000000e+00;
stats.relUpdate(4)   = 2.223472043287e-02;
stats.stopThresholdChange(4)   = 0.000000000000e+00;
stats.weightScaler_value(4)   = 4.426768662229e-03;
stats.voxelsPerSecond(4)   = 6.242318134787e+04;
stats.ticToc_iteration(4)   = 1.666433811188e+01;
stats.weightedNormSquared_e(4)   = 1.281688014704e-05;
stats.relativeWeightedForwardError(4)   = 7.697356173838e-02;
stats.ratioUpdated(4)   = 1.000000000000e+00;
stats.RRMSE(4)   = -1.000000000000e+00;
stats.totalEquits(4)   = 3.000000000000e+00;

stats.itNumber(5)   = 4.000000000000e+00;
stats.MaxIterations(5)   = 1.000000000000e+01;
stats.cost(5)   = -1.000000000000e+00;
stats.relUpdate(5)   = 1.728285326334e-02;
stats.stopThresholdChange(5)   = 0.000000000000e+00;
stats.weightScaler_value(5)   = 4.426768662229e-03;
stats.voxelsPerSecond(5)   = 6.118618379735e+04;
stats.ticToc_iteration(5)   = 1.700132179260e+01;
stats.weightedNormSquared_e(5)   = 1.088776538446e-05;
stats.relativeWeightedForwardError(5)   = 7.094467412189e-02;
stats.ratioUpdated(5)   = 1.000000000000e+00;
stats.RRMSE(5)   = -1.000000000000e+00;
stats.totalEquits(5)   = 4.000000000000e+00;

stats.itNumber(6)   = 5.000000000000e+00;
stats.MaxIterations(6)   = 1.000000000000e+01;
stats.cost(6)   = -1.000000000000e+00;
stats.relUpdate(6)   = 1.170532689128e-02;
stats.stopThresholdChange(6)   = 0.000000000000e+00;
stats.weightScaler_value(6)   = 4.426768662229e-03;
stats.voxelsPerSecond(6)   = 6.210839428169e+04;
stats.ticToc_iteration(6)   = 1.674913692474e+01;
stats.weightedNormSquared_e(6)   = 1.048211093464e-05;
stats.relativeWeightedForwardError(6)   = 6.961050701995e-02;
stats.ratioUpdated(6)   = 1.000000000000e+00;
stats.RRMSE(6)   = -1.000000000000e+00;
stats.totalEquits(6)   = 5.000000000000e+00;

stats.itNumber(7)   = 6.000000000000e+00;
stats.MaxIterations(7)   = 1.000000000000e+01;
stats.cost(7)   = -1.000000000000e+00;
stats.relUpdate(7)   = 5.461396695001e-03;
stats.stopThresholdChange(7)   = 0.000000000000e+00;
stats.weightScaler_value(7)   = 4.426768662229e-03;
stats.voxelsPerSecond(7)   = 6.171803147175e+04;
stats.ticToc_iteration(7)   = 1.685473394394e+01;
stats.weightedNormSquared_e(7)   = 1.039852412663e-05;
stats.relativeWeightedForwardError(7)   = 6.933240625555e-02;
stats.ratioUpdated(7)   = 1.000000000000e+00;
stats.RRMSE(7)   = -1.000000000000e+00;
stats.totalEquits(7)   = 6.000000000000e+00;

stats.itNumber(8)   = 7.000000000000e+00;
stats.MaxIterations(8)   = 1.000000000000e+01;
stats.cost(8)   = -1.000000000000e+00;
stats.relUpdate(8)   = 2.054600644411e-03;
stats.stopThresholdChange(8)   = 0.000000000000e+00;
stats.weightScaler_value(8)   = 4.426768662229e-03;
stats.voxelsPerSecond(8)   = 6.127904014851e+04;
stats.ticToc_iteration(8)   = 1.697454786301e+01;
stats.weightedNormSquared_e(8)   = 1.038979595633e-05;
stats.relativeWeightedForwardError(8)   = 6.930330250587e-02;
stats.ratioUpdated(8)   = 1.000000000000e+00;
stats.RRMSE(8)   = -1.000000000000e+00;
stats.totalEquits(8)   = 7.000000000000e+00;

stats.itNumber(9)   = 8.000000000000e+00;
stats.MaxIterations(9)   = 1.000000000000e+01;
stats.cost(9)   = -1.000000000000e+00;
stats.relUpdate(9)   = 8.767450243205e-04;
stats.stopThresholdChange(9)   = 0.000000000000e+00;
stats.weightScaler_value(9)   = 4.426768662229e-03;
stats.voxelsPerSecond(9)   = 6.219826737605e+04;
stats.ticToc_iteration(9)   = 1.672363305092e+01;
stats.weightedNormSquared_e(9)   = 1.038758860796e-05;
stats.relativeWeightedForwardError(9)   = 6.929594025069e-02;
stats.ratioUpdated(9)   = 1.000000000000e+00;
stats.RRMSE(9)   = -1.000000000000e+00;
stats.totalEquits(9)   = 8.000000000000e+00;

stats.itNumber(10)   = 9.000000000000e+00;
stats.MaxIterations(10)   = 1.000000000000e+01;
stats.cost(10)   = -1.000000000000e+00;
stats.relUpdate(10)   = 4.708935230133e-04;
stats.stopThresholdChange(10)   = 0.000000000000e+00;
stats.weightScaler_value(10)   = 4.426768662229e-03;
stats.voxelsPerSecond(10)   = 6.215651343485e+04;
stats.ticToc_iteration(10)   = 1.673571991920e+01;
stats.weightedNormSquared_e(10)   = 1.038690651681e-05;
stats.relativeWeightedForwardError(10)   = 6.929366508727e-02;
stats.ratioUpdated(10)   = 1.000000000000e+00;
stats.RRMSE(10)   = -1.000000000000e+00;
stats.totalEquits(10)   = 9.000000000000e+00;

stats.itNumber(11)   = 1.000000000000e+01;
stats.MaxIterations(11)   = 1.000000000000e+01;
stats.cost(11)   = -1.000000000000e+00;
stats.relUpdate(11)   = 3.146938339257e-04;
stats.stopThresholdChange(11)   = 0.000000000000e+00;
stats.weightScaler_value(11)   = 4.426768662229e-03;
stats.voxelsPerSecond(11)   = 6.216025159969e+04;
stats.ticToc_iteration(11)   = 1.673317003250e+01;
stats.weightedNormSquared_e(11)   = 1.038654022987e-05;
stats.relativeWeightedForwardError(11)   = 6.929244328035e-02;
stats.ratioUpdated(11)   = 1.000000000000e+00;
stats.RRMSE(11)   = -1.000000000000e+00;
stats.totalEquits(11)   = 1.000000000000e+01;
