
stats.itNumber(1)   = 0.000000000000e+00;
stats.MaxIterations(1)   = 1.000000000000e+01;
stats.cost(1)   = -1.000000000000e+00;
stats.relUpdate(1)   = 0.000000000000e+00;
stats.stopThresholdChange(1)   = 0.000000000000e+00;
stats.weightScaler_value(1)   = 4.426750025795e-03;
stats.voxelsPerSecond(1)   = 0.000000000000e+00;
stats.ticToc_iteration(1)   = 8.106231689453e-06;
stats.weightedNormSquared_e(1)   = 2.163212369283e-03;
stats.relativeWeightedForwardError(1)   = 1.000000000000e+00;
stats.ratioUpdated(1)   = 0.000000000000e+00;
stats.RRMSE(1)   = -1.000000000000e+00;
stats.totalEquits(1)   = 0.000000000000e+00;

stats.itNumber(2)   = 1.000000000000e+00;
stats.MaxIterations(2)   = 1.000000000000e+01;
stats.cost(2)   = -1.000000000000e+00;
stats.relUpdate(2)   = 1.240587855905e-02;
stats.stopThresholdChange(2)   = 0.000000000000e+00;
stats.weightScaler_value(2)   = 4.426750025795e-03;
stats.voxelsPerSecond(2)   = 6.103515407602e+04;
stats.ticToc_iteration(2)   = 1.704411387444e+01;
stats.weightedNormSquared_e(2)   = 3.622497470998e-04;
stats.relativeWeightedForwardError(2)   = 4.092177533208e-01;
stats.ratioUpdated(2)   = 1.000000000000e+00;
stats.RRMSE(2)   = -1.000000000000e+00;
stats.totalEquits(2)   = 1.000000000000e+00;

stats.itNumber(3)   = 2.000000000000e+00;
stats.MaxIterations(3)   = 1.000000000000e+01;
stats.cost(3)   = -1.000000000000e+00;
stats.relUpdate(3)   = 3.206881488679e-02;
stats.stopThresholdChange(3)   = 0.000000000000e+00;
stats.weightScaler_value(3)   = 4.426750025795e-03;
stats.voxelsPerSecond(3)   = 5.766380604703e+04;
stats.ticToc_iteration(3)   = 1.804097104073e+01;
stats.weightedNormSquared_e(3)   = 2.659282463913e-05;
stats.relativeWeightedForwardError(3)   = 1.108747506321e-01;
stats.ratioUpdated(3)   = 1.000000000000e+00;
stats.RRMSE(3)   = -1.000000000000e+00;
stats.totalEquits(3)   = 2.000000000000e+00;

stats.itNumber(4)   = 3.000000000000e+00;
stats.MaxIterations(4)   = 1.000000000000e+01;
stats.cost(4)   = -1.000000000000e+00;
stats.relUpdate(4)   = 2.223469820127e-02;
stats.stopThresholdChange(4)   = 0.000000000000e+00;
stats.weightScaler_value(4)   = 4.426750025795e-03;
stats.voxelsPerSecond(4)   = 5.806313426540e+04;
stats.ticToc_iteration(4)   = 1.791568803787e+01;
stats.weightedNormSquared_e(4)   = 1.281688694544e-05;
stats.relativeWeightedForwardError(4)   = 7.697358215274e-02;
stats.ratioUpdated(4)   = 1.000000000000e+00;
stats.RRMSE(4)   = -1.000000000000e+00;
stats.totalEquits(4)   = 3.000000000000e+00;

stats.itNumber(5)   = 4.000000000000e+00;
stats.MaxIterations(5)   = 1.000000000000e+01;
stats.cost(5)   = -1.000000000000e+00;
stats.relUpdate(5)   = 1.728282849515e-02;
stats.stopThresholdChange(5)   = 0.000000000000e+00;
stats.weightScaler_value(5)   = 4.426750025795e-03;
stats.voxelsPerSecond(5)   = 5.631935055294e+04;
stats.ticToc_iteration(5)   = 1.847048997879e+01;
stats.weightedNormSquared_e(5)   = 1.088776754782e-05;
stats.relativeWeightedForwardError(5)   = 7.094468117014e-02;
stats.ratioUpdated(5)   = 1.000000000000e+00;
stats.RRMSE(5)   = -1.000000000000e+00;
stats.totalEquits(5)   = 4.000000000000e+00;

stats.itNumber(6)   = 5.000000000000e+00;
stats.MaxIterations(6)   = 1.000000000000e+01;
stats.cost(6)   = -1.000000000000e+00;
stats.relUpdate(6)   = 1.170534479417e-02;
stats.stopThresholdChange(6)   = 0.000000000000e+00;
stats.weightScaler_value(6)   = 4.426750025795e-03;
stats.voxelsPerSecond(6)   = 5.611534191242e+04;
stats.ticToc_iteration(6)   = 1.853792500496e+01;
stats.weightedNormSquared_e(6)   = 1.048211124536e-05;
stats.relativeWeightedForwardError(6)   = 6.961050805167e-02;
stats.ratioUpdated(6)   = 1.000000000000e+00;
stats.RRMSE(6)   = -1.000000000000e+00;
stats.totalEquits(6)   = 5.000000000000e+00;

stats.itNumber(7)   = 6.000000000000e+00;
stats.MaxIterations(7)   = 1.000000000000e+01;
stats.cost(7)   = -1.000000000000e+00;
stats.relUpdate(7)   = 5.461425235519e-03;
stats.stopThresholdChange(7)   = 0.000000000000e+00;
stats.weightScaler_value(7)   = 4.426750025795e-03;
stats.voxelsPerSecond(7)   = 5.569207391813e+04;
stats.ticToc_iteration(7)   = 1.867843890190e+01;
stats.weightedNormSquared_e(7)   = 1.039852376948e-05;
stats.relativeWeightedForwardError(7)   = 6.933240506490e-02;
stats.ratioUpdated(7)   = 1.000000000000e+00;
stats.RRMSE(7)   = -1.000000000000e+00;
stats.totalEquits(7)   = 6.000000000000e+00;

stats.itNumber(8)   = 7.000000000000e+00;
stats.MaxIterations(8)   = 1.000000000000e+01;
stats.cost(8)   = -1.000000000000e+00;
stats.relUpdate(8)   = 2.054616006334e-03;
stats.stopThresholdChange(8)   = 0.000000000000e+00;
stats.weightScaler_value(8)   = 4.426750025795e-03;
stats.voxelsPerSecond(8)   = 5.623442107792e+04;
stats.ticToc_iteration(8)   = 1.849728298187e+01;
stats.weightedNormSquared_e(8)   = 1.038979548035e-05;
stats.relativeWeightedForwardError(8)   = 6.930330091837e-02;
stats.ratioUpdated(8)   = 1.000000000000e+00;
stats.RRMSE(8)   = -1.000000000000e+00;
stats.totalEquits(8)   = 7.000000000000e+00;

stats.itNumber(9)   = 8.000000000000e+00;
stats.MaxIterations(9)   = 1.000000000000e+01;
stats.cost(9)   = -1.000000000000e+00;
stats.relUpdate(9)   = 8.767510537546e-04;
stats.stopThresholdChange(9)   = 0.000000000000e+00;
stats.weightScaler_value(9)   = 4.426750025795e-03;
stats.voxelsPerSecond(9)   = 5.566872605375e+04;
stats.ticToc_iteration(9)   = 1.868519496918e+01;
stats.weightedNormSquared_e(9)   = 1.038758811066e-05;
stats.relativeWeightedForwardError(9)   = 6.929593859194e-02;
stats.ratioUpdated(9)   = 1.000000000000e+00;
stats.RRMSE(9)   = -1.000000000000e+00;
stats.totalEquits(9)   = 8.000000000000e+00;

stats.itNumber(10)   = 9.000000000000e+00;
stats.MaxIterations(10)   = 1.000000000000e+01;
stats.cost(10)   = -1.000000000000e+00;
stats.relUpdate(10)   = 4.708956559114e-04;
stats.stopThresholdChange(10)   = 0.000000000000e+00;
stats.weightScaler_value(10)   = 4.426750025795e-03;
stats.voxelsPerSecond(10)   = 5.607061842577e+04;
stats.ticToc_iteration(10)   = 1.855221199989e+01;
stats.weightedNormSquared_e(10)   = 1.038690600608e-05;
stats.relativeWeightedForwardError(10)   = 6.929366338365e-02;
stats.ratioUpdated(10)   = 1.000000000000e+00;
stats.RRMSE(10)   = -1.000000000000e+00;
stats.totalEquits(10)   = 9.000000000000e+00;

stats.itNumber(11)   = 1.000000000000e+01;
stats.MaxIterations(11)   = 1.000000000000e+01;
stats.cost(11)   = -1.000000000000e+00;
stats.relUpdate(11)   = 3.146947790891e-04;
stats.stopThresholdChange(11)   = 0.000000000000e+00;
stats.weightScaler_value(11)   = 4.426750025795e-03;
stats.voxelsPerSecond(11)   = 5.581285096579e+04;
stats.ticToc_iteration(11)   = 1.863617491722e+01;
stats.weightedNormSquared_e(11)   = 1.038653970540e-05;
stats.relativeWeightedForwardError(11)   = 6.929244153088e-02;
stats.ratioUpdated(11)   = 1.000000000000e+00;
stats.RRMSE(11)   = -1.000000000000e+00;
stats.totalEquits(11)   = 1.000000000000e+01;
