
stats.itNumber(1)   = 0.000000000000e+00;
stats.MaxIterations(1)   = 1.000000000000e+01;
stats.cost(1)   = -1.000000000000e+00;
stats.relUpdate(1)   = 0.000000000000e+00;
stats.stopThresholdChange(1)   = 0.000000000000e+00;
stats.weightScaler_value(1)   = 4.426756974535e-03;
stats.voxelsPerSecond(1)   = 0.000000000000e+00;
stats.ticToc_iteration(1)   = 7.867813110352e-06;
stats.weightedNormSquared_e(1)   = 2.163212369283e-03;
stats.relativeWeightedForwardError(1)   = 1.000000000000e+00;
stats.ratioUpdated(1)   = 0.000000000000e+00;
stats.RRMSE(1)   = -1.000000000000e+00;
stats.totalEquits(1)   = 0.000000000000e+00;

stats.itNumber(2)   = 1.000000000000e+00;
stats.MaxIterations(2)   = 1.000000000000e+01;
stats.cost(2)   = -1.000000000000e+00;
stats.relUpdate(2)   = 1.240589024951e-02;
stats.stopThresholdChange(2)   = 0.000000000000e+00;
stats.weightScaler_value(2)   = 4.426756974535e-03;
stats.voxelsPerSecond(2)   = 6.076242340674e+04;
stats.ticToc_iteration(2)   = 1.712061405182e+01;
stats.weightedNormSquared_e(2)   = 3.622494787935e-04;
stats.relativeWeightedForwardError(2)   = 4.092176017739e-01;
stats.ratioUpdated(2)   = 1.000000000000e+00;
stats.RRMSE(2)   = -1.000000000000e+00;
stats.totalEquits(2)   = 1.000000000000e+00;

stats.itNumber(3)   = 2.000000000000e+00;
stats.MaxIterations(3)   = 1.000000000000e+01;
stats.cost(3)   = -1.000000000000e+00;
stats.relUpdate(3)   = 3.206884720835e-02;
stats.stopThresholdChange(3)   = 0.000000000000e+00;
stats.weightScaler_value(3)   = 4.426756974535e-03;
stats.voxelsPerSecond(3)   = 5.750431391080e+04;
stats.ticToc_iteration(3)   = 1.809100794792e+01;
stats.weightedNormSquared_e(3)   = 2.659281280386e-05;
stats.relativeWeightedForwardError(3)   = 1.108747259594e-01;
stats.ratioUpdated(3)   = 1.000000000000e+00;
stats.RRMSE(3)   = -1.000000000000e+00;
stats.totalEquits(3)   = 2.000000000000e+00;

stats.itNumber(4)   = 3.000000000000e+00;
stats.MaxIterations(4)   = 1.000000000000e+01;
stats.cost(4)   = -1.000000000000e+00;
stats.relUpdate(4)   = 2.223469884206e-02;
stats.stopThresholdChange(4)   = 0.000000000000e+00;
stats.weightScaler_value(4)   = 4.426756974535e-03;
stats.voxelsPerSecond(4)   = 5.829638546453e+04;
stats.ticToc_iteration(4)   = 1.784400510788e+01;
stats.weightedNormSquared_e(4)   = 1.281688437414e-05;
stats.relativeWeightedForwardError(4)   = 7.697357443160e-02;
stats.ratioUpdated(4)   = 1.000000000000e+00;
stats.RRMSE(4)   = -1.000000000000e+00;
stats.totalEquits(4)   = 3.000000000000e+00;

stats.itNumber(5)   = 4.000000000000e+00;
stats.MaxIterations(5)   = 1.000000000000e+01;
stats.cost(5)   = -1.000000000000e+00;
stats.relUpdate(5)   = 1.728283975700e-02;
stats.stopThresholdChange(5)   = 0.000000000000e+00;
stats.weightScaler_value(5)   = 4.426756974535e-03;
stats.voxelsPerSecond(5)   = 5.680527042460e+04;
stats.ticToc_iteration(5)   = 1.831249094009e+01;
stats.weightedNormSquared_e(5)   = 1.088776673442e-05;
stats.relativeWeightedForwardError(5)   = 7.094467852008e-02;
stats.ratioUpdated(5)   = 1.000000000000e+00;
stats.RRMSE(5)   = -1.000000000000e+00;
stats.totalEquits(5)   = 4.000000000000e+00;

stats.itNumber(6)   = 5.000000000000e+00;
stats.MaxIterations(6)   = 1.000000000000e+01;
stats.cost(6)   = -1.000000000000e+00;
stats.relUpdate(6)   = 1.170533808029e-02;
stats.stopThresholdChange(6)   = 0.000000000000e+00;
stats.weightScaler_value(6)   = 4.426756974535e-03;
stats.voxelsPerSecond(6)   = 5.707336701667e+04;
stats.ticToc_iteration(6)   = 1.822675013542e+01;
stats.weightedNormSquared_e(6)   = 1.048211111577e-05;
stats.relativeWeightedForwardError(6)   = 6.961050762140e-02;
stats.ratioUpdated(6)   = 1.000000000000e+00;
stats.RRMSE(6)   = -1.000000000000e+00;
stats.totalEquits(6)   = 5.000000000000e+00;

stats.itNumber(7)   = 6.000000000000e+00;
stats.MaxIterations(7)   = 1.000000000000e+01;
stats.cost(7)   = -1.000000000000e+00;
stats.relUpdate(7)   = 5.461411862996e-03;
stats.stopThresholdChange(7)   = 0.000000000000e+00;
stats.weightScaler_value(7)   = 4.426756974535e-03;
stats.voxelsPerSecond(7)   = 5.705087466562e+04;
stats.ticToc_iteration(7)   = 1.823356795311e+01;
stats.weightedNormSquared_e(7)   = 1.039852389220e-05;
stats.relativeWeightedForwardError(7)   = 6.933240547403e-02;
stats.ratioUpdated(7)   = 1.000000000000e+00;
stats.RRMSE(7)   = -1.000000000000e+00;
stats.totalEquits(7)   = 6.000000000000e+00;

stats.itNumber(8)   = 7.000000000000e+00;
stats.MaxIterations(8)   = 1.000000000000e+01;
stats.cost(8)   = -1.000000000000e+00;
stats.relUpdate(8)   = 2.054610224750e-03;
stats.stopThresholdChange(8)   = 0.000000000000e+00;
stats.weightScaler_value(8)   = 4.426756974535e-03;
stats.voxelsPerSecond(8)   = 5.638646705966e+04;
stats.ticToc_iteration(8)   = 1.844740509987e+01;
stats.weightedNormSquared_e(8)   = 1.038979563734e-05;
stats.relativeWeightedForwardError(8)   = 6.930330144198e-02;
stats.ratioUpdated(8)   = 1.000000000000e+00;
stats.RRMSE(8)   = -1.000000000000e+00;
stats.totalEquits(8)   = 7.000000000000e+00;

stats.itNumber(9)   = 8.000000000000e+00;
stats.MaxIterations(9)   = 1.000000000000e+01;
stats.cost(9)   = -1.000000000000e+00;
stats.relUpdate(9)   = 8.767488145224e-04;
stats.stopThresholdChange(9)   = 0.000000000000e+00;
stats.weightScaler_value(9)   = 4.426756974535e-03;
stats.voxelsPerSecond(9)   = 5.683013520552e+04;
stats.ticToc_iteration(9)   = 1.830333495140e+01;
stats.weightedNormSquared_e(9)   = 1.038758827691e-05;
stats.relativeWeightedForwardError(9)   = 6.929593914647e-02;
stats.ratioUpdated(9)   = 1.000000000000e+00;
stats.RRMSE(9)   = -1.000000000000e+00;
stats.totalEquits(9)   = 8.000000000000e+00;

stats.itNumber(10)   = 9.000000000000e+00;
stats.MaxIterations(10)   = 1.000000000000e+01;
stats.cost(10)   = -1.000000000000e+00;
stats.relUpdate(10)   = 4.708947563026e-04;
stats.stopThresholdChange(10)   = 0.000000000000e+00;
stats.weightScaler_value(10)   = 4.426756974535e-03;
stats.voxelsPerSecond(10)   = 5.575530640748e+04;
stats.ticToc_iteration(10)   = 1.865713000298e+01;
stats.weightedNormSquared_e(10)   = 1.038690616908e-05;
stats.relativeWeightedForwardError(10)   = 6.929366392735e-02;
stats.ratioUpdated(10)   = 1.000000000000e+00;
stats.RRMSE(10)   = -1.000000000000e+00;
stats.totalEquits(10)   = 9.000000000000e+00;

stats.itNumber(11)   = 1.000000000000e+01;
stats.MaxIterations(11)   = 1.000000000000e+01;
stats.cost(11)   = -1.000000000000e+00;
stats.relUpdate(11)   = 3.146944573533e-04;
stats.stopThresholdChange(11)   = 0.000000000000e+00;
stats.weightScaler_value(11)   = 4.426756974535e-03;
stats.voxelsPerSecond(11)   = 5.648506751590e+04;
stats.ticToc_iteration(11)   = 1.841438984871e+01;
stats.weightedNormSquared_e(11)   = 1.038653987766e-05;
stats.relativeWeightedForwardError(11)   = 6.929244210549e-02;
stats.ratioUpdated(11)   = 1.000000000000e+00;
stats.RRMSE(11)   = -1.000000000000e+00;
stats.totalEquits(11)   = 1.000000000000e+01;
