
stats.itNumber(1)   = 0.000000000000e+00;
stats.MaxIterations(1)   = 1.000000000000e+01;
stats.cost(1)   = -1.000000000000e+00;
stats.relUpdate(1)   = 0.000000000000e+00;
stats.stopThresholdChange(1)   = 0.000000000000e+00;
stats.weightScaler_value(1)   = 4.426776949191e-03;
stats.voxelsPerSecond(1)   = 0.000000000000e+00;
stats.ticToc_iteration(1)   = 9.059906005859e-06;
stats.weightedNormSquared_e(1)   = 2.163212369283e-03;
stats.relativeWeightedForwardError(1)   = 1.000000000000e+00;
stats.ratioUpdated(1)   = 0.000000000000e+00;
stats.RRMSE(1)   = -1.000000000000e+00;
stats.totalEquits(1)   = 0.000000000000e+00;

stats.itNumber(2)   = 1.000000000000e+00;
stats.MaxIterations(2)   = 1.000000000000e+01;
stats.cost(2)   = -1.000000000000e+00;
stats.relUpdate(2)   = 1.240592135027e-02;
stats.stopThresholdChange(2)   = 0.000000000000e+00;
stats.weightScaler_value(2)   = 4.426776949191e-03;
stats.voxelsPerSecond(2)   = 6.557526426029e+04;
stats.ticToc_iteration(2)   = 1.586406111717e+01;
stats.weightedNormSquared_e(2)   = 3.622487073732e-04;
stats.relativeWeightedForwardError(2)   = 4.092171660535e-01;
stats.ratioUpdated(2)   = 1.000000000000e+00;
stats.RRMSE(2)   = -1.000000000000e+00;
stats.totalEquits(2)   = 1.000000000000e+00;

stats.itNumber(3)   = 2.000000000000e+00;
stats.MaxIterations(3)   = 1.000000000000e+01;
stats.cost(3)   = -1.000000000000e+00;
stats.relUpdate(3)   = 3.206891676934e-02;
stats.stopThresholdChange(3)   = 0.000000000000e+00;
stats.weightScaler_value(3)   = 4.426776949191e-03;
stats.voxelsPerSecond(3)   = 6.037074989627e+04;
stats.ticToc_iteration(3)   = 1.723203706741e+01;
stats.weightedNormSquared_e(3)   = 2.659277881522e-05;
stats.relativeWeightedForwardError(3)   = 1.108746551041e-01;
stats.ratioUpdated(3)   = 1.000000000000e+00;
stats.RRMSE(3)   = -1.000000000000e+00;
stats.totalEquits(3)   = 2.000000000000e+00;

stats.itNumber(4)   = 3.000000000000e+00;
stats.MaxIterations(4)   = 1.000000000000e+01;
stats.cost(4)   = -1.000000000000e+00;
stats.relUpdate(4)   = 2.223473263394e-02;
stats.stopThresholdChange(4)   = 0.000000000000e+00;
stats.weightScaler_value(4)   = 4.426776949191e-03;
stats.voxelsPerSecond(4)   = 6.114058432003e+04;
stats.ticToc_iteration(4)   = 1.701392102242e+01;
stats.weightedNormSquared_e(4)   = 1.281687705705e-05;
stats.relativeWeightedForwardError(4)   = 7.697355245969e-02;
stats.ratioUpdated(4)   = 1.000000000000e+00;
stats.RRMSE(4)   = -1.000000000000e+00;
stats.totalEquits(4)   = 3.000000000000e+00;

stats.itNumber(5)   = 4.000000000000e+00;
stats.MaxIterations(5)   = 1.000000000000e+01;
stats.cost(5)   = -1.000000000000e+00;
stats.relUpdate(5)   = 1.728287336157e-02;
stats.stopThresholdChange(5)   = 0.000000000000e+00;
stats.weightScaler_value(5)   = 4.426776949191e-03;
stats.voxelsPerSecond(5)   = 5.961836960056e+04;
stats.ticToc_iteration(5)   = 1.744841504097e+01;
stats.weightedNormSquared_e(5)   = 1.088776435880e-05;
stats.relativeWeightedForwardError(5)   = 7.094467078031e-02;
stats.ratioUpdated(5)   = 1.000000000000e+00;
stats.RRMSE(5)   = -1.000000000000e+00;
stats.totalEquits(5)   = 4.000000000000e+00;

stats.itNumber(6)   = 5.000000000000e+00;
stats.MaxIterations(6)   = 1.000000000000e+01;
stats.cost(6)   = -1.000000000000e+00;
stats.relUpdate(6)   = 1.170531250310e-02;
stats.stopThresholdChange(6)   = 0.000000000000e+00;
stats.weightScaler_value(6)   = 4.426776949191e-03;
stats.voxelsPerSecond(6)   = 5.915686542379e+04;
stats.ticToc_iteration(6)   = 1.758480691910e+01;
stats.weightedNormSquared_e(6)   = 1.048211072893e-05;
stats.relativeWeightedForwardError(6)   = 6.961050633692e-02;
stats.ratioUpdated(6)   = 1.000000000000e+00;
stats.RRMSE(6)   = -1.000000000000e+00;
stats.totalEquits(6)   = 5.000000000000e+00;

stats.itNumber(7)   = 6.000000000000e+00;
stats.MaxIterations(7)   = 1.000000000000e+01;
stats.cost(7)   = -1.000000000000e+00;
stats.relUpdate(7)   = 5.461385597200e-03;
stats.stopThresholdChange(7)   = 0.000000000000e+00;
stats.weightScaler_value(7)   = 4.426776949191e-03;
stats.voxelsPerSecond(7)   = 5.836515578523e+04;
stats.ticToc_iteration(7)   = 1.782297992706e+01;
stats.weightedNormSquared_e(7)   = 1.039852420724e-05;
stats.relativeWeightedForwardError(7)   = 6.933240652428e-02;
stats.ratioUpdated(7)   = 1.000000000000e+00;
stats.RRMSE(7)   = -1.000000000000e+00;
stats.totalEquits(7)   = 6.000000000000e+00;

stats.itNumber(8)   = 7.000000000000e+00;
stats.MaxIterations(8)   = 1.000000000000e+01;
stats.cost(8)   = -1.000000000000e+00;
stats.relUpdate(8)   = 2.054593099740e-03;
stats.stopThresholdChange(8)   = 0.000000000000e+00;
stats.weightScaler_value(8)   = 4.426776949191e-03;
stats.voxelsPerSecond(8)   = 5.800350907453e+04;
stats.ticToc_iteration(8)   = 1.793312311172e+01;
stats.weightedNormSquared_e(8)   = 1.038979608983e-05;
stats.relativeWeightedForwardError(8)   = 6.930330295109e-02;
stats.ratioUpdated(8)   = 1.000000000000e+00;
stats.RRMSE(8)   = -1.000000000000e+00;
stats.totalEquits(8)   = 7.000000000000e+00;

stats.itNumber(9)   = 8.000000000000e+00;
stats.MaxIterations(9)   = 1.000000000000e+01;
stats.cost(9)   = -1.000000000000e+00;
stats.relUpdate(9)   = 8.767424205586e-04;
stats.stopThresholdChange(9)   = 0.000000000000e+00;
stats.weightScaler_value(9)   = 4.426776949191e-03;
stats.voxelsPerSecond(9)   = 5.638836249969e+04;
stats.ticToc_iteration(9)   = 1.844673180580e+01;
stats.weightedNormSquared_e(9)   = 1.038758876630e-05;
stats.relativeWeightedForwardError(9)   = 6.929594077883e-02;
stats.ratioUpdated(9)   = 1.000000000000e+00;
stats.RRMSE(9)   = -1.000000000000e+00;
stats.totalEquits(9)   = 8.000000000000e+00;

stats.itNumber(10)   = 9.000000000000e+00;
stats.MaxIterations(10)   = 1.000000000000e+01;
stats.cost(10)   = -1.000000000000e+00;
stats.relUpdate(10)   = 4.708924811708e-04;
stats.stopThresholdChange(10)   = 0.000000000000e+00;
stats.weightScaler_value(10)   = 4.426776949191e-03;
stats.voxelsPerSecond(10)   = 5.720208272007e+04;
stats.ticToc_iteration(10)   = 1.818524813652e+01;
stats.weightedNormSquared_e(10)   = 1.038690667383e-05;
stats.relativeWeightedForwardError(10)   = 6.929366561102e-02;
stats.ratioUpdated(10)   = 1.000000000000e+00;
stats.RRMSE(10)   = -1.000000000000e+00;
stats.totalEquits(10)   = 9.000000000000e+00;

stats.itNumber(11)   = 1.000000000000e+01;
stats.MaxIterations(11)   = 1.000000000000e+01;
stats.cost(11)   = -1.000000000000e+00;
stats.relUpdate(11)   = 3.146934423458e-04;
stats.stopThresholdChange(11)   = 0.000000000000e+00;
stats.weightScaler_value(11)   = 4.426776949191e-03;
stats.voxelsPerSecond(11)   = 5.728654840200e+04;
stats.ticToc_iteration(11)   = 1.815675806999e+01;
stats.weightedNormSquared_e(11)   = 1.038654037389e-05;
stats.relativeWeightedForwardError(11)   = 6.929244376076e-02;
stats.ratioUpdated(11)   = 1.000000000000e+00;
stats.RRMSE(11)   = -1.000000000000e+00;
stats.totalEquits(11)   = 1.000000000000e+01;
